81,52
81,51
81,50
81,49
81,48
81,47
81,46
81,45
81,44
81,43
81,42
81,41
81,40
81,39
81,38
81,37
81,36
81,35
10,157
10,237
10,187
10,115
10,109
10,167
11,5
11,19
11,6
8,17
8,14
8,7
77,3
77,2
77,1
77,0
76,3
76,2
76,1
76,0
75,3
75,2
75,1
75,0
74,3
74,2
74,1
74,0
20,3
20,2
20,1
19,3
19,2
19,1
12,3
12,2
12,1
11,30
11,28
11,26
11,25
11,24
11,23
11,20
11,18
11,17
11,16
11,15
11,12
11,11
11,10
11,8
11,7
11,4
11,3
11,2
11,1
10,291
10,257
10,246
10,218
18,1
10,202
18,3
10,190
14,1
10,184
14,3
10,177
13,1
10,175
13,3
10,174
10,164
10,161
10,160
10,136
10,123
10,122
10,108
10,102
10,84
10,33
10,15
10,8
10,3
10,2
10,1
